130
2845 1665
2249 3427
372 407
2556 1587
3113 513
1371 2710
1630 3054
2258 3741
2282 2183
2801 2627
879 2231
1575 3149
3948 3599
2899 976
851 3049
1558 1203
3997 619
493 2711
2365 3534
2526 1588
2067 3008
1616 3878
1762 935
544 1609
2499 679
3889 2176
2747 1574
2468 1532
1995 557
2217 3387
2022 881
309 2414
1833 84
2740 2752
2246 838
2304 1172
2337 3663
1042 3438
3231 2802
1177 2453
2363 1898
2601 3031
27 2840
3094 973
2722 64
3489 961
3240 3984
1650 654
2023 3395
2407 3494
3447 517
2091 3002
1052 2520
2954 3509
2334 886
420 1513
2650 312
2785 2447
2071 22
2436 713
3675 3376
3459 3819
2943 3532
1013 1817
609 1857
2701 1042
1848 1588
1190 1358
173 1889
2144 3907
2120 1308
874 1806
2664 3128
2240 3376
3287 1928
2423 3767
3997 324
1430 704
21 3822
2471 2809
3229 1814
1551 3659
1777 1723
1082 3992
3258 819
1659 3841
1315 1004
850 1195
77 1523
1326 931
228 1558
2550 928
2897 3941
3267 2824
1040 3966
272 3382
2821 1578
1748 1306
2315 2945
1583 3040
2701 1557
3107 1750
1401 334
997 1321
1393 945
2196 3919
3428 3495
2026 1835
1181 3227
1553 1548
90 36
3767 598
3455 964
3269 1637
1452 400
3756 1647
2189 2161
353 3466
2000 3242
1675 367
1180 2810
1722 2077
640 3908
3931 1440
490 2222
3433 2707
1401 1384
1253 67
3733 3757
2185 470