130
2874 97
3187 3389
2899 2979
2568 10
3878 1949
40 3106
272 131
1379 3944
2268 170
2509 973
1314 1720
1637 744
303 824
2067 2185
484 1906
3799 2826
3073 2715
223 2791
99 3593
2969 1296
2603 3562
746 828
3521 726
2142 3616
3961 3201
1314 2337
2357 2997
77 3654
2315 3648
3622 849
3368 3274
3202 1072
2165 2794
141 367
2169 2489
139 2192
896 199
1503 2110
2491 3564
1644 3422
967 1602
2683 3846
2066 2193
1788 3539
2587 3979
3951 2070
3162 1722
2245 3310
1632 3318
2179 124
1280 2587
744 435
3278 186
2447 1967
1254 1391
311 3815
272 2772
608 1254
611 371
3608 1302
1064 1249
3256 3294
481 3754
3913 3854
1801 103
10 2327
2525 23
3798 1633
348 2221
450 1975
811 1702
2149 198
2939 3710
1051 102
783 740
267 24
1465 650
3079 689
3173 1089
2771 885
472 1797
650 1800
698 149
1438 801
2482 1831
2655 736
784 3673
286 2305
113 2250
242 2961
3070 2026
1307 1888
823 3279
1861 2520
3246 361
3278 2765
3830 3417
11 86
1982 1534
456 2363
1368 143
1872 335
1568 2928
1740 3584
2713 1055
846 1421
1657 3406
3697 791
3016 758
2617 3771
1637 2953
2241 1726
298 41
1045 2058
3793 3192
924 2617
2775 815
3483 2191
2176 1843
2646 588
2203 3620
1335 3330
3655 2968
3220 1733
2166 3848
3565 1217
209 3465
1587 176
1149 2814
975 843