130
2894 3052
68 3929
3250 1772
475 3214
643 2596
3153 3370
2033 1105
3460 1668
3336 417
1494 3049
271 301
1421 1296
1616 1641
2847 2735
2906 1145
1036 2574
355 1190
300 3612
433 3377
1675 1922
1627 2854
2577 1973
2283 3509
3719 3056
935 3550
1751 545
1584 3435
2739 2914
683 2274
3737 235
2111 2202
2774 1510
285 1934
2664 1956
2630 1745
1928 206
2602 1121
2632 2557
2509 1150
3545 2990
1935 893
2737 3313
2860 3352
2763 1249
2497 1512
2414 2809
1264 214
2643 4
1062 2190
2337 2390
347 789
923 3801
1017 2940
2109 939
3456 3829
1571 1606
586 2822
747 1279
971 92
1723 3796
2299 1986
710 2688
2327 1490
2667 2800
2340 267
3806 2875
822 2980
204 2893
208 3264
345 2533
1836 66
3820 1024
1790 354
3693 2741
1524 1793
3085 195
2753 2201
999 935
1530 601
1638 3859
736 3120
872 2971
800 1511
3777 2417
631 1684
1218 820
3097 940
1244 3044
2804 1913
3264 58
3632 1772
3400 374
2107 2837
1435 984
1538 369
205 2355
2914 643
2341 606
2528 1670
1348 2989
2325 2433
227 3648
2191 3324
2491 1915
2004 3794
458 1654
3912 680
2453 1941
3728 445
2249 2330
823 1410
711 1145
2194 1836
1408 1773
2688 3464
2780 2441
756 3918
2337 2162
2037 3577
370 3403
2885 470
822 3088
2177 187
1723 2184
873 2522
986 1301
1057 1365
3964 1069
1015 1108
734 3758